0912333451
0988748194
0917445667
0912555468
0912501050
0986387712
0969612659
0918268273
0961401510
0912441051
0943189652
0918255010
0985556481
0987884014
0912419914
0987882401
0912444061
0982111406
0988445228
0912440506
0972134061
0988484678
0988006014
0983056075
0986888501
0986761951
0918268273
0969421445
0912444015
0949833266
0987999452
0907334039
0968001405
0965006144
0987888601
0912555601
0964005104
0912555010
0987888415
0912444051
0987665781
0987888914
0912444951
0965000104
0962250614
0964209855
0914986655
0986000156
0914124339
0968001405
0912440105
0912440010
0969445699
0912888401
0988776681
0988550106
0912450196
0912445060
0988617401
0912555041
0987881552
0988765134
0987456352
0912559194
0966888142
0986883041
0988789126
0943227366
0912555014
0912519401
0941850151
0911294005
0966205001
0994010567
0962104106
0918591500
0987602551
0987881014
0962140051
0976777301
0962450615
0982749194
0918903102
